<!--Needle-->
<KinBody name="needle">

  <Body name="needle" type="dynamic">

    <!--Mass-->
    <Mass type="mimicgeom">
      <density>1000</density>
    </Mass>

    <!--Boxes-->
    <Geom type="box">
      <Extents>0.000235619449019 0.000942477796077 0.000235619449019</Extents>
      <Translation>0.015 0.015 0.0</Translation>
      <RotationMat>6.12323399574e-17 1.0 0.0 -1.0 6.12323399574e-17 0.0 0.0 0.0 1.0 </RotationMat>
    </Geom>
    <Geom type="box">
      <Extents>0.000235619449019 0.000942477796077 0.000235619449019</Extents>
      <Translation>0.0140389467003 0.0149691808913 0.0</Translation>
      <RotationMat>0.0640702199807 0.99794539275 0.0 -0.99794539275 0.0640702199807 0.0 0.0 0.0 1.0 </RotationMat>
    </Geom>
    <Geom type="box">
      <Extents>0.000235619449019 0.000942477796077 0.000235619449019</Extents>
      <Translation>0.0130818425747 0.0148768502073 0.0</Translation>
      <RotationMat>0.127877161685 0.991790013823 0.0 -0.991790013823 0.127877161685 0.0 0.0 0.0 1.0 </RotationMat>
    </Geom>
    <Geom type="box">
      <Extents>0.000235619449019 0.000942477796077 0.000235619449019</Extents>
      <Translation>0.0121326205695 0.0147233873549 0.0</Translation>
      <RotationMat>0.191158628701 0.981559156991 0.0 -0.981559156991 0.191158628701 0.0 0.0 0.0 1.0 </RotationMat>
    </Geom>
    <Geom type="box">
      <Extents>0.000235619449019 0.000942477796077 0.000235619449019</Extents>
      <Translation>0.0111951812414 0.0145094229456 0.0</Translation>
      <RotationMat>0.25365458391 0.967294863039 0.0 -0.967294863039 0.25365458391 0.0 0.0 0.0 1.0 </RotationMat>
    </Geom>
    <Geom type="box">
      <Extents>0.000235619449019 0.000942477796077 0.000235619449019</Extents>
      <Translation>0.0102733767296 0.0142358362052 0.0</Translation>
      <RotationMat>0.315108218024 0.949055747011 0.0 -0.949055747011 0.315108218024 0.0 0.0 0.0 1.0 </RotationMat>
    </Geom>
    <Geom type="box">
      <Extents>0.000235619449019 0.000942477796077 0.000235619449019</Extents>
      <Translation>0.00937099492681 0.0139037513602 0.0</Translation>
      <RotationMat>0.375267004879 0.926916757346 0.0 -0.926916757346 0.375267004879 0.0 0.0 0.0 1.0 </RotationMat>
    </Geom>
    <Geom type="box">
      <Extents>0.000235619449019 0.000942477796077 0.000235619449019</Extents>
      <Translation>0.00849174391324 0.0135145330185 0.0</Translation>
      <RotationMat>0.433883739118 0.900968867902 0.0 -0.900968867902 0.433883739118 0.0 0.0 0.0 1.0 </RotationMat>
    </Geom>
    <Geom type="box">
      <Extents>0.000235619449019 0.000942477796077 0.000235619449019</Extents>
      <Translation>0.00763923671994 0.0130697805619 0.0</Translation>
      <RotationMat>0.490717552004 0.871318704123 0.0 -0.871318704123 0.490717552004 0.0 0.0 0.0 1.0 </RotationMat>
    </Geom>
    <Geom type="box">
      <Extents>0.000235619449019 0.000942477796077 0.000235619449019</Extents>
      <Translation>0.00681697648184 0.0125713215734 0.0</Translation>
      <RotationMat>0.545534901211 0.838088104892 0.0 -0.838088104892 0.545534901211 0.0 0.0 0.0 1.0 </RotationMat>
    </Geom>
    <Geom type="box">
      <Extents>0.000235619449019 0.000942477796077 0.000235619449019</Extents>
      <Translation>0.00602834204263 0.012021204328 0.0</Translation>
      <RotationMat>0.598110530491 0.801413621868 0.0 -0.801413621868 0.598110530491 0.0 0.0 0.0 1.0 </RotationMat>
    </Geom>
    <Geom type="box">
      <Extents>0.000235619449019 0.000942477796077 0.000235619449019</Extents>
      <Translation>0.00527657407038 0.0114216893755 0.0</Translation>
      <RotationMat>0.648228395308 0.761445958369 0.0 -0.761445958369 0.648228395308 0.0 0.0 0.0 1.0 </RotationMat>
    </Geom>
    <Geom type="box">
      <Extents>0.000235619449019 0.000942477796077 0.000235619449019</Extents>
      <Translation>0.00456476174095 0.0107752402515 0.0</Translation>
      <RotationMat>0.695682550603 0.718349350098 0.0 -0.718349350098 0.695682550603 0.0 0.0 0.0 1.0 </RotationMat>
    </Geom>
    <Geom type="box">
      <Extents>0.000235619449019 0.000942477796077 0.000235619449019</Extents>
      <Translation>0.00389583004387 0.0100845133539 0.0</Translation>
      <RotationMat>0.740277997075 0.672300890261 0.0 -0.672300890261 0.740277997075 0.0 0.0 0.0 1.0 </RotationMat>
    </Geom>
    <Geom type="box">
      <Extents>0.000235619449019 0.000942477796077 0.000235619449019</Extents>
      <Translation>0.00327252776298 0.00935234702788 0.0</Translation>
      <RotationMat>0.781831482468 0.623489801859 0.0 -0.623489801859 0.781831482468 0.0 0.0 0.0 1.0 </RotationMat>
    </Geom>
    <Geom type="box">
      <Extents>0.000235619449019 0.000942477796077 0.000235619449019</Extents>
      <Translation>0.00269741618105 0.00858174990183 0.0</Translation>
      <RotationMat>0.820172254597 0.572116660122 0.0 -0.572116660122 0.820172254597 0.0 0.0 0.0 1.0 </RotationMat>
    </Geom>
    <Geom type="box">
      <Extents>0.000235619449019 0.000942477796077 0.000235619449019</Extents>
      <Translation>0.00217285855492 0.00777588852466 0.0</Translation>
      <RotationMat>0.855142763005 0.518392568311 0.0 -0.518392568311 0.855142763005 0.0 0.0 0.0 1.0 </RotationMat>
    </Geom>
    <Geom type="box">
      <Extents>0.000235619449019 0.000942477796077 0.000235619449019</Extents>
      <Translation>0.0017010104044 0.00693807435361 0.0</Translation>
      <RotationMat>0.886599306373 0.462538290241 0.0 -0.462538290241 0.886599306373 0.0 0.0 0.0 1.0 </RotationMat>
    </Geom>
    <Geom type="box">
      <Extents>0.000235619449019 0.000942477796077 0.000235619449019</Extents>
      <Translation>0.00128381065476 0.00607175014684 0.0</Translation>
      <RotationMat>0.914412623016 0.404783343122 0.0 -0.404783343122 0.914412623016 0.0 0.0 0.0 1.0 </RotationMat>
    </Geom>
    <Geom type="box">
      <Extents>0.000235619449019 0.000942477796077 0.000235619449019</Extents>
      <Translation>0.000922973669254 0.00518047581632 0.0</Translation>
      <RotationMat>0.93846842205 0.345365054421 0.0 -0.345365054421 0.93846842205 0.0 0.0 0.0 1.0 </RotationMat>
    </Geom>
    <Geom type="box">
      <Extents>0.000235619449019 0.000942477796077 0.000235619449019</Extents>
      <Translation>0.00061998220445 0.00426791379947 0.0</Translation>
      <RotationMat>0.958667853037 0.284527586631 0.0 -0.284527586631 0.958667853037 0.0 0.0 0.0 1.0 </RotationMat>
    </Geom>
    <Geom type="box">
      <Extents>0.000235619449019 0.000942477796077 0.000235619449019</Extents>
      <Translation>0.000376081317273 0.00333781400934 0.0</Translation>
      <RotationMat>0.974927912182 0.222520933956 0.0 -0.222520933956 0.974927912182 0.0 0.0 0.0 1.0 </RotationMat>
    </Geom>
    <Geom type="box">
      <Extents>0.000235619449019 0.000942477796077 0.000235619449019</Extents>
      <Translation>0.000192273248783 0.0023939984255 0.0</Translation>
      <RotationMat>0.987181783414 0.159599895033 0.0 -0.159599895033 0.987181783414 0.0 0.0 0.0 1.0 </RotationMat>
    </Geom>
    <Geom type="box">
      <Extents>0.000235619449019 0.000942477796077 0.000235619449019</Extents>
      <Translation>6.9313305762e-05 0.00144034538862 0.0</Translation>
      <RotationMat>0.995379112949 0.0960230259077 0.0 -0.0960230259077 0.995379112949 0.0 0.0 0.0 1.0 </RotationMat>
    </Geom>
    <Geom type="box">
      <Extents>0.000235619449019 0.000942477796077 0.000235619449019</Extents>
      <Translation>7.70675698968e-06 0.000480773663575 0.0</Translation>
      <RotationMat>0.999486216201 0.0320515775717 0.0 -0.0320515775717 0.999486216201 0.0 0.0 0.0 1.0 </RotationMat>
    </Geom>
    <Geom type="box">
      <Extents>0.000235619449019 0.000942477796077 0.000235619449019</Extents>
      <Translation>7.70675698968e-06 -0.000480773663575 0.0</Translation>
      <RotationMat>0.999486216201 -0.0320515775717 0.0 0.0320515775717 0.999486216201 0.0 0.0 0.0 1.0 </RotationMat>
    </Geom>
    <Geom type="box">
      <Extents>0.000235619449019 0.000942477796077 0.000235619449019</Extents>
      <Translation>6.9313305762e-05 -0.00144034538862 0.0</Translation>
      <RotationMat>0.995379112949 -0.0960230259077 0.0 0.0960230259077 0.995379112949 0.0 0.0 0.0 1.0 </RotationMat>
    </Geom>
    <Geom type="box">
      <Extents>0.000235619449019 0.000942477796077 0.000235619449019</Extents>
      <Translation>0.000192273248783 -0.0023939984255 0.0</Translation>
      <RotationMat>0.987181783414 -0.159599895033 0.0 0.159599895033 0.987181783414 0.0 0.0 0.0 1.0 </RotationMat>
    </Geom>
    <Geom type="box">
      <Extents>0.000235619449019 0.000942477796077 0.000235619449019</Extents>
      <Translation>0.000376081317273 -0.00333781400934 0.0</Translation>
      <RotationMat>0.974927912182 -0.222520933956 0.0 0.222520933956 0.974927912182 0.0 0.0 0.0 1.0 </RotationMat>
    </Geom>
    <Geom type="box">
      <Extents>0.000235619449019 0.000942477796077 0.000235619449019</Extents>
      <Translation>0.00061998220445 -0.00426791379947 0.0</Translation>
      <RotationMat>0.958667853037 -0.284527586631 0.0 0.284527586631 0.958667853037 0.0 0.0 0.0 1.0 </RotationMat>
    </Geom>
    <Geom type="box">
      <Extents>0.000235619449019 0.000942477796077 0.000235619449019</Extents>
      <Translation>0.000922973669254 -0.00518047581632 0.0</Translation>
      <RotationMat>0.93846842205 -0.345365054421 0.0 0.345365054421 0.93846842205 0.0 0.0 0.0 1.0 </RotationMat>
    </Geom>
    <Geom type="box">
      <Extents>0.000235619449019 0.000942477796077 0.000235619449019</Extents>
      <Translation>0.00128381065476 -0.00607175014684 0.0</Translation>
      <RotationMat>0.914412623016 -0.404783343122 0.0 0.404783343122 0.914412623016 0.0 0.0 0.0 1.0 </RotationMat>
    </Geom>
    <Geom type="box">
      <Extents>0.000235619449019 0.000942477796077 0.000235619449019</Extents>
      <Translation>0.0017010104044 -0.00693807435361 0.0</Translation>
      <RotationMat>0.886599306373 -0.462538290241 0.0 0.462538290241 0.886599306373 0.0 0.0 0.0 1.0 </RotationMat>
    </Geom>
    <Geom type="box">
      <Extents>0.000235619449019 0.000942477796077 0.000235619449019</Extents>
      <Translation>0.00217285855492 -0.00777588852466 0.0</Translation>
      <RotationMat>0.855142763005 -0.518392568311 0.0 0.518392568311 0.855142763005 0.0 0.0 0.0 1.0 </RotationMat>
    </Geom>
    <Geom type="box">
      <Extents>0.000235619449019 0.000942477796077 0.000235619449019</Extents>
      <Translation>0.00269741618105 -0.00858174990183 0.0</Translation>
      <RotationMat>0.820172254597 -0.572116660122 0.0 0.572116660122 0.820172254597 0.0 0.0 0.0 1.0 </RotationMat>
    </Geom>
    <Geom type="box">
      <Extents>0.000235619449019 0.000942477796077 0.000235619449019</Extents>
      <Translation>0.00327252776298 -0.00935234702788 0.0</Translation>
      <RotationMat>0.781831482468 -0.623489801859 0.0 0.623489801859 0.781831482468 0.0 0.0 0.0 1.0 </RotationMat>
    </Geom>
    <Geom type="box">
      <Extents>0.000235619449019 0.000942477796077 0.000235619449019</Extents>
      <Translation>0.00389583004387 -0.0100845133539 0.0</Translation>
      <RotationMat>0.740277997075 -0.672300890261 0.0 0.672300890261 0.740277997075 0.0 0.0 0.0 1.0 </RotationMat>
    </Geom>
    <Geom type="box">
      <Extents>0.000235619449019 0.000942477796077 0.000235619449019</Extents>
      <Translation>0.00456476174095 -0.0107752402515 0.0</Translation>
      <RotationMat>0.695682550603 -0.718349350098 0.0 0.718349350098 0.695682550603 0.0 0.0 0.0 1.0 </RotationMat>
    </Geom>
    <Geom type="box">
      <Extents>0.000235619449019 0.000942477796077 0.000235619449019</Extents>
      <Translation>0.00527657407038 -0.0114216893755 0.0</Translation>
      <RotationMat>0.648228395308 -0.761445958369 0.0 0.761445958369 0.648228395308 0.0 0.0 0.0 1.0 </RotationMat>
    </Geom>
    <Geom type="box">
      <Extents>0.000235619449019 0.000942477796077 0.000235619449019</Extents>
      <Translation>0.00602834204263 -0.012021204328 0.0</Translation>
      <RotationMat>0.598110530491 -0.801413621868 0.0 0.801413621868 0.598110530491 0.0 0.0 0.0 1.0 </RotationMat>
    </Geom>
    <Geom type="box">
      <Extents>0.000235619449019 0.000942477796077 0.000235619449019</Extents>
      <Translation>0.00681697648184 -0.0125713215734 0.0</Translation>
      <RotationMat>0.545534901211 -0.838088104892 0.0 0.838088104892 0.545534901211 0.0 0.0 0.0 1.0 </RotationMat>
    </Geom>
    <Geom type="box">
      <Extents>0.000235619449019 0.000942477796077 0.000235619449019</Extents>
      <Translation>0.00763923671994 -0.0130697805619 0.0</Translation>
      <RotationMat>0.490717552004 -0.871318704123 0.0 0.871318704123 0.490717552004 0.0 0.0 0.0 1.0 </RotationMat>
    </Geom>
    <Geom type="box">
      <Extents>0.000235619449019 0.000942477796077 0.000235619449019</Extents>
      <Translation>0.00849174391324 -0.0135145330185 0.0</Translation>
      <RotationMat>0.433883739118 -0.900968867902 0.0 0.900968867902 0.433883739118 0.0 0.0 0.0 1.0 </RotationMat>
    </Geom>
    <Geom type="box">
      <Extents>0.000235619449019 0.000942477796077 0.000235619449019</Extents>
      <Translation>0.00937099492681 -0.0139037513602 0.0</Translation>
      <RotationMat>0.375267004879 -0.926916757346 0.0 0.926916757346 0.375267004879 0.0 0.0 0.0 1.0 </RotationMat>
    </Geom>
    <Geom type="box">
      <Extents>0.000235619449019 0.000942477796077 0.000235619449019</Extents>
      <Translation>0.0102733767296 -0.0142358362052 0.0</Translation>
      <RotationMat>0.315108218024 -0.949055747011 0.0 0.949055747011 0.315108218024 0.0 0.0 0.0 1.0 </RotationMat>
    </Geom>
    <Geom type="box">
      <Extents>0.000235619449019 0.000942477796077 0.000235619449019</Extents>
      <Translation>0.0111951812414 -0.0145094229456 0.0</Translation>
      <RotationMat>0.25365458391 -0.967294863039 0.0 0.967294863039 0.25365458391 0.0 0.0 0.0 1.0 </RotationMat>
    </Geom>
    <Geom type="box">
      <Extents>0.000235619449019 0.000942477796077 0.000235619449019</Extents>
      <Translation>0.0121326205695 -0.0147233873549 0.0</Translation>
      <RotationMat>0.191158628701 -0.981559156991 0.0 0.981559156991 0.191158628701 0.0 0.0 0.0 1.0 </RotationMat>
    </Geom>
    <Geom type="box">
      <Extents>0.000235619449019 0.000942477796077 0.000235619449019</Extents>
      <Translation>0.0130818425747 -0.0148768502073 0.0</Translation>
      <RotationMat>0.127877161685 -0.991790013823 0.0 0.991790013823 0.127877161685 0.0 0.0 0.0 1.0 </RotationMat>
    </Geom>
    <Geom type="box">
      <Extents>0.000235619449019 0.000942477796077 0.000235619449019</Extents>
      <Translation>0.0140389467003 -0.0149691808913 0.0</Translation>
      <RotationMat>0.0640702199807 -0.99794539275 0.0 0.99794539275 0.0640702199807 0.0 0.0 0.0 1.0 </RotationMat>
    </Geom>
    <Geom type="box">
      <Extents>0.000235619449019 0.000942477796077 0.000235619449019</Extents>
      <Translation>0.015 -0.015 0.0</Translation>
      <RotationMat>6.12323399574e-17 -1.0 0.0 1.0 6.12323399574e-17 0.0 0.0 0.0 1.0 </RotationMat>
    </Geom>

  </Body>

</KinBody>