<!--Needle-->
<KinBody name="needle">

  <Body name="needle" type="dynamic">

    <!--Mass-->
    <Mass type="mimicgeom">
      <density>1000</density>
    </Mass>

    <!--Boxes-->
    <Geom type="box">
      <Extents>0.000523598775598 0.0010471975512 0.000523598775598</Extents>
      <Translation>0.01 0.01 0.0</Translation>
      <RotationMat>6.12323399574e-17 1.0 0.0 -1.0 6.12323399574e-17 0.0 0.0 0.0 1.0 </RotationMat>
    </Geom>
    <Geom type="box">
      <Extents>0.000523598775598 0.0010471975512 0.000523598775598</Extents>
      <Translation>0.00891880981576 0.00994137957154 0.0</Translation>
      <RotationMat>0.108119018424 0.994137957154 0.0 -0.994137957154 0.108119018424 0.0 0.0 0.0 1.0 </RotationMat>
    </Geom>
    <Geom type="box">
      <Extents>0.000523598775598 0.0010471975512 0.000523598775598</Extents>
      <Translation>0.00785029559789 0.0097662055571 0.0</Translation>
      <RotationMat>0.214970440211 0.97662055571 0.0 -0.97662055571 0.214970440211 0.0 0.0 0.0 1.0 </RotationMat>
    </Geom>
    <Geom type="box">
      <Extents>0.000523598775598 0.0010471975512 0.000523598775598</Extents>
      <Translation>0.00680698469864 0.00947653171183 0.0</Translation>
      <RotationMat>0.319301530136 0.947653171183 0.0 -0.947653171183 0.319301530136 0.0 0.0 0.0 1.0 </RotationMat>
    </Geom>
    <Geom type="box">
      <Extents>0.000523598775598 0.0010471975512 0.000523598775598</Extents>
      <Translation>0.0058011089844 0.00907575419671 0.0</Translation>
      <RotationMat>0.41988910156 0.907575419671 0.0 -0.907575419671 0.41988910156 0.0 0.0 0.0 1.0 </RotationMat>
    </Geom>
    <Geom type="box">
      <Extents>0.000523598775598 0.0010471975512 0.000523598775598</Extents>
      <Translation>0.00484446142823 0.00856857176168 0.0</Translation>
      <RotationMat>0.515553857177 0.856857176168 0.0 -0.856857176168 0.515553857177 0.0 0.0 0.0 1.0 </RotationMat>
    </Geom>
    <Geom type="box">
      <Extents>0.000523598775598 0.0010471975512 0.000523598775598</Extents>
      <Translation>0.00394825784806 0.00796093065706 0.0</Translation>
      <RotationMat>0.605174215194 0.796093065706 0.0 -0.796093065706 0.605174215194 0.0 0.0 0.0 1.0 </RotationMat>
    </Geom>
    <Geom type="box">
      <Extents>0.000523598775598 0.0010471975512 0.000523598775598</Extents>
      <Translation>0.00312300541147 0.00725995491923 0.0</Translation>
      <RotationMat>0.687699458853 0.725995491923 0.0 -0.725995491923 0.687699458853 0.0 0.0 0.0 1.0 </RotationMat>
    </Geom>
    <Geom type="box">
      <Extents>0.000523598775598 0.0010471975512 0.000523598775598</Extents>
      <Translation>0.00237837944872 0.00647386284782 0.0</Translation>
      <RotationMat>0.762162055128 0.647386284782 0.0 -0.647386284782 0.762162055128 0.0 0.0 0.0 1.0 </RotationMat>
    </Geom>
    <Geom type="box">
      <Extents>0.000523598775598 0.0010471975512 0.000523598775598</Extents>
      <Translation>0.00172311001843 0.00561187065362 0.0</Translation>
      <RotationMat>0.827688998157 0.561187065362 0.0 -0.561187065362 0.827688998157 0.0 0.0 0.0 1.0 </RotationMat>
    </Geom>
    <Geom type="box">
      <Extents>0.000523598775598 0.0010471975512 0.000523598775598</Extents>
      <Translation>0.00116487955554 0.004684084407 0.0</Translation>
      <RotationMat>0.883512044446 0.4684084407 0.0 -0.4684084407 0.883512044446 0.0 0.0 0.0 1.0 </RotationMat>
    </Geom>
    <Geom type="box">
      <Extents>0.000523598775598 0.0010471975512 0.000523598775598</Extents>
      <Translation>0.000710232801832 0.0037013815534 0.0</Translation>
      <RotationMat>0.928976719817 0.37013815534 0.0 -0.37013815534 0.928976719817 0.0 0.0 0.0 1.0 </RotationMat>
    </Geom>
    <Geom type="box">
      <Extents>0.000523598775598 0.0010471975512 0.000523598775598</Extents>
      <Translation>0.000364500074808 0.00267528338529 0.0</Translation>
      <RotationMat>0.963549992519 0.267528338529 0.0 -0.267528338529 0.963549992519 0.0 0.0 0.0 1.0 </RotationMat>
    </Geom>
    <Geom type="box">
      <Extents>0.000523598775598 0.0010471975512 0.000523598775598</Extents>
      <Translation>0.000131734774585 0.00161781996553 0.0</Translation>
      <RotationMat>0.986826522542 0.161781996553 0.0 -0.161781996553 0.986826522542 0.0 0.0 0.0 1.0 </RotationMat>
    </Geom>
    <Geom type="box">
      <Extents>0.000523598775598 0.0010471975512 0.000523598775598</Extents>
      <Translation>1.46658614888e-05 0.000541389085854 0.0</Translation>
      <RotationMat>0.998533413851 0.0541389085854 0.0 -0.0541389085854 0.998533413851 0.0 0.0 0.0 1.0 </RotationMat>
    </Geom>
    <Geom type="box">
      <Extents>0.000523598775598 0.0010471975512 0.000523598775598</Extents>
      <Translation>1.46658614888e-05 -0.000541389085854 0.0</Translation>
      <RotationMat>0.998533413851 -0.0541389085854 0.0 0.0541389085854 0.998533413851 0.0 0.0 0.0 1.0 </RotationMat>
    </Geom>
    <Geom type="box">
      <Extents>0.000523598775598 0.0010471975512 0.000523598775598</Extents>
      <Translation>0.000131734774585 -0.00161781996553 0.0</Translation>
      <RotationMat>0.986826522542 -0.161781996553 0.0 0.161781996553 0.986826522542 0.0 0.0 0.0 1.0 </RotationMat>
    </Geom>
    <Geom type="box">
      <Extents>0.000523598775598 0.0010471975512 0.000523598775598</Extents>
      <Translation>0.000364500074808 -0.00267528338529 0.0</Translation>
      <RotationMat>0.963549992519 -0.267528338529 0.0 0.267528338529 0.963549992519 0.0 0.0 0.0 1.0 </RotationMat>
    </Geom>
    <Geom type="box">
      <Extents>0.000523598775598 0.0010471975512 0.000523598775598</Extents>
      <Translation>0.000710232801832 -0.0037013815534 0.0</Translation>
      <RotationMat>0.928976719817 -0.37013815534 0.0 0.37013815534 0.928976719817 0.0 0.0 0.0 1.0 </RotationMat>
    </Geom>
    <Geom type="box">
      <Extents>0.000523598775598 0.0010471975512 0.000523598775598</Extents>
      <Translation>0.00116487955554 -0.004684084407 0.0</Translation>
      <RotationMat>0.883512044446 -0.4684084407 0.0 0.4684084407 0.883512044446 0.0 0.0 0.0 1.0 </RotationMat>
    </Geom>
    <Geom type="box">
      <Extents>0.000523598775598 0.0010471975512 0.000523598775598</Extents>
      <Translation>0.00172311001843 -0.00561187065362 0.0</Translation>
      <RotationMat>0.827688998157 -0.561187065362 0.0 0.561187065362 0.827688998157 0.0 0.0 0.0 1.0 </RotationMat>
    </Geom>
    <Geom type="box">
      <Extents>0.000523598775598 0.0010471975512 0.000523598775598</Extents>
      <Translation>0.00237837944872 -0.00647386284782 0.0</Translation>
      <RotationMat>0.762162055128 -0.647386284782 0.0 0.647386284782 0.762162055128 0.0 0.0 0.0 1.0 </RotationMat>
    </Geom>
    <Geom type="box">
      <Extents>0.000523598775598 0.0010471975512 0.000523598775598</Extents>
      <Translation>0.00312300541147 -0.00725995491923 0.0</Translation>
      <RotationMat>0.687699458853 -0.725995491923 0.0 0.725995491923 0.687699458853 0.0 0.0 0.0 1.0 </RotationMat>
    </Geom>
    <Geom type="box">
      <Extents>0.000523598775598 0.0010471975512 0.000523598775598</Extents>
      <Translation>0.00394825784806 -0.00796093065706 0.0</Translation>
      <RotationMat>0.605174215194 -0.796093065706 0.0 0.796093065706 0.605174215194 0.0 0.0 0.0 1.0 </RotationMat>
    </Geom>
    <Geom type="box">
      <Extents>0.000523598775598 0.0010471975512 0.000523598775598</Extents>
      <Translation>0.00484446142823 -0.00856857176168 0.0</Translation>
      <RotationMat>0.515553857177 -0.856857176168 0.0 0.856857176168 0.515553857177 0.0 0.0 0.0 1.0 </RotationMat>
    </Geom>
    <Geom type="box">
      <Extents>0.000523598775598 0.0010471975512 0.000523598775598</Extents>
      <Translation>0.0058011089844 -0.00907575419671 0.0</Translation>
      <RotationMat>0.41988910156 -0.907575419671 0.0 0.907575419671 0.41988910156 0.0 0.0 0.0 1.0 </RotationMat>
    </Geom>
    <Geom type="box">
      <Extents>0.000523598775598 0.0010471975512 0.000523598775598</Extents>
      <Translation>0.00680698469864 -0.00947653171183 0.0</Translation>
      <RotationMat>0.319301530136 -0.947653171183 0.0 0.947653171183 0.319301530136 0.0 0.0 0.0 1.0 </RotationMat>
    </Geom>
    <Geom type="box">
      <Extents>0.000523598775598 0.0010471975512 0.000523598775598</Extents>
      <Translation>0.00785029559789 -0.0097662055571 0.0</Translation>
      <RotationMat>0.214970440211 -0.97662055571 0.0 0.97662055571 0.214970440211 0.0 0.0 0.0 1.0 </RotationMat>
    </Geom>
    <Geom type="box">
      <Extents>0.000523598775598 0.0010471975512 0.000523598775598</Extents>
      <Translation>0.00891880981576 -0.00994137957154 0.0</Translation>
      <RotationMat>0.108119018424 -0.994137957154 0.0 0.994137957154 0.108119018424 0.0 0.0 0.0 1.0 </RotationMat>
    </Geom>
    <Geom type="box">
      <Extents>0.000523598775598 0.0010471975512 0.000523598775598</Extents>
      <Translation>0.01 -0.01 0.0</Translation>
      <RotationMat>6.12323399574e-17 -1.0 0.0 1.0 6.12323399574e-17 0.0 0.0 0.0 1.0 </RotationMat>
    </Geom>

  </Body>

</KinBody>